static              
                
5               
                
10              
                
4               
                
2               
                
4               
                
TrackElement                
                
210133.6649             
                
32170000                
                
0.07                
                
0.05                
                
9.82                
                
0   1000    2000    3000    4000
                
0   0   0   0   0
                
1   2   3   4   
2   3   4   5   
                
0   0   300 0   
0   0   4000    0   
                
1   5           
11  11          
